  -33.3357   -4.1997  -19.4741  -16.3009   36.8455    6.1776
   12.0056    1.7720   10.9891    8.3967   62.0142    5.8758

  -34.9463   -4.4974  -19.6805  -16.5440   35.6260    6.0115
   12.1232    1.8179   10.6149    8.1456   62.7074    5.9891

  -36.5222   -4.7997  -19.8688  -16.7770   34.4644    5.8534
   12.2175    1.8610   10.2583    7.9067   63.3394    6.0931

  -38.0646   -5.1061  -20.0404  -17.0001   33.3593    5.7028
   12.2919    1.9017    9.9189    7.6794   63.9157    6.1885

  -39.5750   -5.4163  -20.1969  -17.2140   32.3088    5.559
   12.3492    1.9400    9.5962    7.4632   64.4417    6.2762

  -41.0546   -5.7298  -20.3398  -17.4192   31.3104    5.4227
   12.3916    1.9761    9.2895    7.2576   64.9222    6.3569

  -42.5051   -6.0465  -20.4704  -17.6162   30.3617    5.2925
   12.4213    2.0102    8.9980    7.0620   65.3617    6.4312

  -43.9276   -6.3661  -20.5899  -17.8057   29.4601    5.1682
   12.4401    2.0424    8.7211    6.8759   65.7641    6.4998

  -45.3236   -6.6884  -20.6994  -17.9881   28.6031    5.0497
   12.4494    2.0729    8.4579    6.6988   66.1332    6.5632

  -46.6944   -7.0132  -20.7999  -18.1640   27.7881    4.9366
   12.4506    2.1019    8.2076    6.5300   66.4722    6.6218

  -48.0411   -7.3404  -20.8922  -18.3339   27.0127    4.8285
   12.4448    2.1293    7.9696    6.3692   66.7841    6.6761

  -49.3651   -7.6699  -20.9773  -18.4982   26.2747    4.7252
   12.4330    2.1554    7.7431    6.2158   67.0714    6.7266


  -50.6673   -8.0014  -21.0556  -18.6574   25.5716    4.6264
   12.4159    2.1802    7.5273    6.0695   67.3365    6.7734

  -51.9490   -8.3351  -21.1280  -18.8117   24.9015    4.5319
   12.3944    2.2038    7.3218    5.9298   67.5815    6.8170


  -53.2110   -8.6706  -21.1949  -18.9615   24.2625    4.4413
   12.3691    2.2264    7.1258    5.7962   67.8083    6.8577


  -54.4544   -9.0081  -21.2568  -19.1072   23.6525    4.3546
   12.3404    2.2479    6.9388    5.6685   68.0185    6.8957


  -55.6801   -9.3473  -21.3143  -19.2490   23.0700    4.2714
   12.3090    2.2684    6.7603    5.5463   68.2136    6.9311


  -56.8888   -9.6883  -21.3676  -19.3872   22.5132    4.1916
   12.2751    2.2881    6.5897    5.4293   68.3950    6.9644


  -58.0813  -10.0310  -21.4173  -19.5220   21.9807    4.1149
   12.2392    2.3070    6.4266    5.3172   68.5639    6.9955


  -59.2585  -10.3754  -21.4635  -19.6537   21.4710    4.0413
   12.2016    2.3251    6.2705    5.2096   68.7213    7.0247


  -60.4210  -10.7214  -21.5065  -19.7824   20.9829    3.9705
   12.1625    2.3425    6.1211    5.1064   68.8683    7.0522


  -61.5694  -11.0689  -21.5468  -19.9084   20.5151    3.9025
   12.1222    2.3591    5.9780    5.0073   69.0056    7.0780

  -62.7044  -11.4180  -21.5844  -20.0317   20.0664    3.8369
   12.0809    2.3752    5.8408    4.9120   69.1342    7.1023



  -63.8266  -11.7687  -21.6196  -20.1526   19.6358    3.7738
   12.0388    2.3907    5.7091    4.8204   69.2546    7.1253




  -64.9366  -12.1207  -21.6526  -20.2712   19.2223    3.7130
   11.9961    2.4056    5.5827    4.7323   69.3676    7.1469



  -66.0347  -12.4743  -21.6835  -20.3876   18.8249    3.6544
   11.9528    2.4200    5.4612    4.6474   69.4738    7.1674




  -67.1216  -12.8293  -21.7126  -20.5019   18.4428    3.5979
   11.9091    2.4339    5.3445    4.5657   69.5735    7.1868




  -68.1976  -13.1857  -21.7399  -20.6143   18.0751    3.5433
   11.8651    2.4473    5.2322    4.4868   69.6675    7.2051



  -69.2633  -13.5435  -21.7656  -20.7248   17.7212    3.4905
   11.8210    2.4603    5.1242    4.4108   69.7560    7.2225



  -70.3189  -13.9026  -21.7899  -20.8336   17.3802    3.4396
   11.7767    2.4729    5.0201    4.3374   69.8394    7.2390



  -71.3650  -14.2632  -21.8127  -20.9407   17.0516    3.3904
   11.7324    2.4850    4.9199    4.2665   69.9182    7.2547


  -72.4018  -14.6250  -21.8343  -21.0462   16.7346    3.3427
   11.6882    2.4968    4.8232    4.1980   69.9927    7.2696
  -73.4297  -14.9882  -21.8547  -21.1502   16.4288    3.2967
   11.6440    2.5083    4.7300    4.1318   70.0632    7.2837
  -74.4491  -15.3527  -21.8740  -21.2527   16.1335    3.2520
   11.5999    2.5194    4.6400    4.0678   70.1299    7.2972
  -75.4602  -15.7185  -21.8922  -21.3539   15.8483    3.2088
   11.5561    2.5302    4.5530    4.0058   70.1931    7.3101
  -76.4634  -16.0855  -21.9095  -21.4537   15.5726    3.1669
   11.5124    2.5407    4.4691    3.9458   70.2531    7.3223

